0.000000000000000000e+00 1.136090332031250000e+03
2.500000000000000000e-01 1.164154663085937500e+03
5.000000000000000000e-01 1.192309082031250000e+03
7.500000000000000000e-01 1.220548461914062500e+03
1.000000000000000000e+00 1.248875976562500000e+03
1.250000000000000000e+00 1.277291748046875000e+03
1.500000000000000000e+00 1.305798461914062500e+03
1.750000000000000000e+00 1.333541870117187500e+03
2.000000000000000000e+00 1.360608642578125000e+03
2.250000000000000000e+00 1.387728393554687500e+03
2.500000000000000000e+00 1.414903564453125000e+03
2.750000000000000000e+00 1.442129760742187500e+03
3.000000000000000000e+00 1.469410156250000000e+03
3.250000000000000000e+00 1.496237182617187500e+03
3.500000000000000000e+00 1.516290161132812500e+03
3.750000000000000000e+00 1.536325805664062500e+03
4.000000000000000000e+00 1.556348022460937500e+03
4.250000000000000000e+00 1.576355712890625000e+03
4.500000000000000000e+00 1.596351440429687500e+03
4.750000000000000000e+00 1.616331542968750000e+03
5.000000000000000000e+00 1.627393432617187500e+03
5.250000000000000000e+00 1.632528564453125000e+03
5.500000000000000000e+00 1.637546630859375000e+03
5.750000000000000000e+00 1.642446166992187500e+03
6.000000000000000000e+00 1.645793945312500000e+03
6.250000000000000000e+00 1.647878662109375000e+03
6.500000000000000000e+00 1.646791015625000000e+03
6.750000000000000000e+00 1.627113281250000000e+03
7.000000000000000000e+00 1.607199462890625000e+03
7.250000000000000000e+00 1.587048095703125000e+03
7.500000000000000000e+00 1.566656982421875000e+03
7.750000000000000000e+00 1.546027832031250000e+03
8.000000000000000000e+00 1.525159423828125000e+03
8.250000000000000000e+00 1.488327148437500000e+03
8.500000000000000000e+00 1.443653564453125000e+03
8.750000000000000000e+00 1.398741821289062500e+03
9.000000000000000000e+00 1.353591186523437500e+03
9.250000000000000000e+00 1.308195800781250000e+03
9.500000000000000000e+00 1.262563354492187500e+03
9.750000000000000000e+00 1.212905639648437500e+03
1.000000000000000000e+01 1.148689697265625000e+03
1.025000000000000000e+01 1.084261962890625000e+03
1.050000000000000000e+01 1.019631774902343750e+03
1.075000000000000000e+01 9.547918701171875000e+02
1.100000000000000000e+01 8.897407226562500000e+02
1.125000000000000000e+01 8.244706420898437500e+02
1.150000000000000000e+01 7.544796142578125000e+02
1.175000000000000000e+01 6.827712402343750000e+02
1.200000000000000000e+01 6.109827880859375000e+02
1.225000000000000000e+01 5.393939208984375000e+02
1.250000000000000000e+01 4.680176696777343750e+02
1.275000000000000000e+01 3.968464965820312500e+02
1.300000000000000000e+01 3.281627197265625000e+02
1.325000000000000000e+01 2.656553955078125000e+02
1.350000000000000000e+01 2.034416503906250000e+02
1.375000000000000000e+01 1.415135803222656250e+02
1.400000000000000000e+01 7.987278747558593750e+01
1.425000000000000000e+01 1.851153564453125000e+01
1.450000000000000000e+01 -4.255845642089843750e+01
1.475000000000000000e+01 -8.790109252929687500e+01
1.500000000000000000e+01 -1.293817596435546875e+02
1.525000000000000000e+01 -1.705408477783203125e+02
1.550000000000000000e+01 -2.113828430175781250e+02
1.575000000000000000e+01 -2.519078979492187500e+02
1.600000000000000000e+01 -2.921146240234375000e+02
1.625000000000000000e+01 -3.241438598632812500e+02
1.650000000000000000e+01 -3.411060180664062500e+02
1.675000000000000000e+01 -3.577491455078125000e+02
1.700000000000000000e+01 -3.740739746093750000e+02
1.725000000000000000e+01 -3.900769042968750000e+02
1.750000000000000000e+01 -4.057594604492187500e+02
1.775000000000000000e+01 -4.196710815429687500e+02
1.800000000000000000e+01 -4.159074401855468750e+02
1.825000000000000000e+01 -4.097642822265625000e+02
1.850000000000000000e+01 -4.034869384765625000e+02
1.875000000000000000e+01 -3.970750732421875000e+02
1.900000000000000000e+01 -3.905273132324218750e+02
1.925000000000000000e+01 -3.838450927734375000e+02
1.950000000000000000e+01 -3.726082458496093750e+02
1.975000000000000000e+01 -3.551616210937500000e+02
2.000000000000000000e+01 -3.377097167968750000e+02
2.025000000000000000e+01 -3.202562866210937500e+02
2.050000000000000000e+01 -3.028003540039062500e+02
2.075000000000000000e+01 -2.853411254882812500e+02
2.100000000000000000e+01 -2.678778686523437500e+02
2.125000000000000000e+01 -2.499505157470703125e+02
2.150000000000000000e+01 -2.321338500976562500e+02
2.175000000000000000e+01 -2.144555053710937500e+02
2.200000000000000000e+01 -1.969140472412109375e+02
2.225000000000000000e+01 -1.795121002197265625e+02
2.250000000000000000e+01 -1.622491607666015625e+02
2.275000000000000000e+01 -1.490540771484375000e+02
2.300000000000000000e+01 -1.402487487792968750e+02
2.325000000000000000e+01 -1.317307891845703125e+02
2.350000000000000000e+01 -1.236608886718750000e+02
2.375000000000000000e+01 -1.163296203613281250e+02
2.400000000000000000e+01 -1.093567810058593750e+02
2.425000000000000000e+01 -1.030017700195312500e+02
2.450000000000000000e+01 -1.086672363281250000e+02
2.475000000000000000e+01 -1.147190246582031250e+02
2.500000000000000000e+01 -1.211584777832031250e+02
2.525000000000000000e+01 -1.279846496582031250e+02
2.550000000000000000e+01 -1.351988983154296875e+02
2.575000000000000000e+01 -1.428022918701171875e+02
2.600000000000000000e+01 -1.559852600097656250e+02
2.625000000000000000e+01 -1.736673736572265625e+02
2.650000000000000000e+01 -1.917055358886718750e+02
2.675000000000000000e+01 -2.101016235351562500e+02
2.700000000000000000e+01 -2.288523712158203125e+02
2.725000000000000000e+01 -2.479608001708984375e+02
2.750000000000000000e+01 -2.675964965820312500e+02
2.775000000000000000e+01 -2.892277526855468750e+02
2.800000000000000000e+01 -3.111213378906250000e+02
2.825000000000000000e+01 -3.332791137695312500e+02
2.850000000000000000e+01 -3.557021179199218750e+02
2.875000000000000000e+01 -3.783920898437500000e+02
2.900000000000000000e+01 -4.013445434570312500e+02
2.925000000000000000e+01 -4.204307861328125000e+02
2.950000000000000000e+01 -4.366323852539062500e+02
2.975000000000000000e+01 -4.527443237304687500e+02
3.000000000000000000e+01 -4.688509521484375000e+02
3.025000000000000000e+01 -4.849540100097656250e+02
3.050000000000000000e+01 -5.010549316406250000e+02
3.075000000000000000e+01 -5.153351440429687500e+02
3.100000000000000000e+01 -5.201060791015625000e+02
3.125000000000000000e+01 -5.248166503906250000e+02
3.150000000000000000e+01 -5.294650268554687500e+02
3.175000000000000000e+01 -5.340516967773437500e+02
3.200000000000000000e+01 -5.385747070312500000e+02
3.225000000000000000e+01 -5.430350341796875000e+02
3.250000000000000000e+01 -5.397733764648437500e+02
3.275000000000000000e+01 -5.330764770507812500e+02
3.300000000000000000e+01 -5.262946777343750000e+02
3.325000000000000000e+01 -5.194277343750000000e+02
3.350000000000000000e+01 -5.124740600585937500e+02
3.375000000000000000e+01 -5.054328002929687500e+02
3.400000000000000000e+01 -4.964143981933593750e+02
3.425000000000000000e+01 -4.817836608886718750e+02
3.450000000000000000e+01 -4.670827941894531250e+02
3.475000000000000000e+01 -4.523142700195312500e+02
3.500000000000000000e+01 -4.374765625000000000e+02
3.525000000000000000e+01 -4.220541076660156250e+02
3.550000000000000000e+01 -4.059118041992187500e+02
3.575000000000000000e+01 -3.877783203125000000e+02
3.600000000000000000e+01 -3.690527954101562500e+02
3.625000000000000000e+01 -3.503457336425781250e+02
3.650000000000000000e+01 -3.316547851562500000e+02
3.675000000000000000e+01 -3.129834594726562500e+02
3.700000000000000000e+01 -2.943296508789062500e+02
3.725000000000000000e+01 -2.758826293945312500e+02
3.750000000000000000e+01 -2.579008178710937500e+02
3.775000000000000000e+01 -2.399487304687500000e+02
3.800000000000000000e+01 -2.220242919921875000e+02
3.825000000000000000e+01 -2.041276550292968750e+02
3.850000000000000000e+01 -1.862567443847656250e+02
3.875000000000000000e+01 -1.684148864746093750e+02
3.900000000000000000e+01 -1.521840209960937500e+02
3.925000000000000000e+01 -1.362903594970703125e+02
3.950000000000000000e+01 -1.204235534667968750e+02
3.975000000000000000e+01 -1.045819702148437500e+02
4.000000000000000000e+01 -8.876544189453125000e+01
4.025000000000000000e+01 -7.297436523437500000e+01
4.050000000000000000e+01 -5.796194458007812500e+01
4.075000000000000000e+01 -4.426533508300781250e+01
4.100000000000000000e+01 -3.059580993652343750e+01
4.125000000000000000e+01 -1.647912597656250000e+01
4.150000000000000000e+01 -2.423782348632812500e+00
4.175000000000000000e+01 1.156938171386718750e+01
4.200000000000000000e+01 2.550000000000000000e+01
4.225000000000000000e+01 3.819502258300781250e+01
4.250000000000000000e+01 5.070971679687500000e+01
4.275000000000000000e+01 6.316989135742187500e+01
4.300000000000000000e+01 7.557536315917968750e+01
4.325000000000000000e+01 8.792736816406250000e+01
4.350000000000000000e+01 1.002227325439453125e+02
4.375000000000000000e+01 1.122541351318359375e+02
4.400000000000000000e+01 1.239754257202148438e+02
4.425000000000000000e+01 1.356579895019531250e+02
4.450000000000000000e+01 1.473024444580078125e+02
4.475000000000000000e+01 1.589061279296875000e+02
4.500000000000000000e+01 1.704701690673828125e+02
4.525000000000000000e+01 1.819956359863281250e+02
4.550000000000000000e+01 1.938004455566406250e+02
4.575000000000000000e+01 2.055836029052734375e+02
4.600000000000000000e+01 2.173362579345703125e+02
4.625000000000000000e+01 2.290598297119140625e+02
4.650000000000000000e+01 2.407512054443359375e+02
4.675000000000000000e+01 2.524115295410156250e+02
4.700000000000000000e+01 2.644937744140625000e+02
4.725000000000000000e+01 2.769557800292968750e+02
4.750000000000000000e+01 2.893792114257812500e+02
4.775000000000000000e+01 3.017658081054687500e+02
4.800000000000000000e+01 3.141152343750000000e+02
4.825000000000000000e+01 3.264295043945312500e+02
4.850000000000000000e+01 3.387255554199218750e+02
4.875000000000000000e+01 3.514362487792968750e+02
4.900000000000000000e+01 3.641028442382812500e+02
4.925000000000000000e+01 3.767268981933593750e+02
4.950000000000000000e+01 3.893048095703125000e+02
4.975000000000000000e+01 4.018383789062500000e+02
5.000000000000000000e+01 4.143288269042968750e+02
5.025000000000000000e+01 4.265895996093750000e+02
5.050000000000000000e+01 4.386475219726562500e+02
5.075000000000000000e+01 4.506317749023437500e+02
5.100000000000000000e+01 4.625426025390625000e+02
5.125000000000000000e+01 4.743817138671875000e+02
5.150000000000000000e+01 4.861455078125000000e+02
5.175000000000000000e+01 4.976886596679687500e+02
5.200000000000000000e+01 5.079854125976562500e+02
5.225000000000000000e+01 5.181752929687500000e+02
5.250000000000000000e+01 5.282575683593750000e+02
5.275000000000000000e+01 5.382479248046875000e+02
5.300000000000000000e+01 5.482121582031250000e+02
5.325000000000000000e+01 5.580512084960937500e+02
5.350000000000000000e+01 5.661263427734375000e+02
5.375000000000000000e+01 5.731592407226562500e+02
5.400000000000000000e+01 5.800338745117187500e+02
5.425000000000000000e+01 5.867502441406250000e+02
5.450000000000000000e+01 5.933068237304687500e+02
5.475000000000000000e+01 5.997060546875000000e+02
5.500000000000000000e+01 6.053246459960937500e+02
5.525000000000000000e+01 6.079870605468750000e+02
5.550000000000000000e+01 6.104632568359375000e+02
5.575000000000000000e+01 6.127543945312500000e+02
5.600000000000000000e+01 6.148615112304687500e+02
5.625000000000000000e+01 6.167858886718750000e+02
5.650000000000000000e+01 6.185253295898437500e+02
5.675000000000000000e+01 6.171369018554687500e+02
5.700000000000000000e+01 6.144012451171875000e+02
5.725000000000000000e+01 6.114809570312500000e+02
5.750000000000000000e+01 6.083746337890625000e+02
5.775000000000000000e+01 6.050831298828125000e+02
5.800000000000000000e+01 6.016078491210937500e+02
5.825000000000000000e+01 5.969080810546875000e+02
5.850000000000000000e+01 5.889463500976562500e+02
5.875000000000000000e+01 5.808428955078125000e+02
5.900000000000000000e+01 5.725786743164062500e+02
5.925000000000000000e+01 5.641460571289062500e+02
5.950000000000000000e+01 5.555434570312500000e+02
5.975000000000000000e+01 5.467725830078125000e+02
6.000000000000000000e+01 5.349177856445312500e+02
6.025000000000000000e+01 5.221513671875000000e+02
6.050000000000000000e+01 5.092680664062500000e+02
6.075000000000000000e+01 4.962691955566406250e+02
6.100000000000000000e+01 4.831563110351562500e+02
6.125000000000000000e+01 4.699313964843750000e+02
6.150000000000000000e+01 4.557339477539062500e+02
6.175000000000000000e+01 4.396634521484375000e+02
6.200000000000000000e+01 4.235510559082031250e+02
6.225000000000000000e+01 4.073960571289062500e+02
6.250000000000000000e+01 3.912005004882812500e+02
6.275000000000000000e+01 3.749626770019531250e+02
6.300000000000000000e+01 3.586850891113281250e+02
6.325000000000000000e+01 3.410385131835937500e+02
6.350000000000000000e+01 3.232054443359375000e+02
6.375000000000000000e+01 3.054151306152343750e+02
6.400000000000000000e+01 2.876659545898437500e+02
6.425000000000000000e+01 2.699617004394531250e+02
6.450000000000000000e+01 2.522789459228515625e+02
6.475000000000000000e+01 2.343252716064453125e+02
6.500000000000000000e+01 2.160887451171875000e+02
6.525000000000000000e+01 1.979834899902343750e+02
6.550000000000000000e+01 1.800091552734375000e+02
6.575000000000000000e+01 1.621646728515625000e+02
6.600000000000000000e+01 1.444544677734375000e+02
6.625000000000000000e+01 1.268764495849609375e+02
6.650000000000000000e+01 1.090562210083007812e+02
6.675000000000000000e+01 9.141007232666015625e+01
6.700000000000000000e+01 7.397533416748046875e+01
6.725000000000000000e+01 5.675175476074218750e+01
6.750000000000000000e+01 3.973773193359375000e+01
6.775000000000000000e+01 2.291048431396484375e+01
6.800000000000000000e+01 5.827995300292968750e+00
6.825000000000000000e+01 -1.152935028076171875e+01
6.850000000000000000e+01 -2.863310241699218750e+01
6.875000000000000000e+01 -4.548587799072265625e+01
6.900000000000000000e+01 -6.208327102661132812e+01
6.925000000000000000e+01 -7.842716979980468750e+01
6.950000000000000000e+01 -9.451792907714843750e+01
6.975000000000000000e+01 -1.126017990112304688e+02
7.000000000000000000e+01 -1.304356384277343750e+02
7.025000000000000000e+01 -1.480086364746093750e+02
7.050000000000000000e+01 -1.656048583984375000e+02
7.075000000000000000e+01 -1.830046081542968750e+02
7.100000000000000000e+01 -2.001549224853515625e+02
7.125000000000000000e+01 -2.189972534179687500e+02
7.150000000000000000e+01 -2.393502807617187500e+02
7.175000000000000000e+01 -2.595045166015625000e+02
7.200000000000000000e+01 -2.794626770019531250e+02
7.225000000000000000e+01 -2.992268066406250000e+02
7.250000000000000000e+01 -3.187934875488281250e+02
7.275000000000000000e+01 -3.384477844238281250e+02
7.300000000000000000e+01 -3.620060119628906250e+02
7.325000000000000000e+01 -3.854509887695312500e+02
7.350000000000000000e+01 -4.087856750488281250e+02
7.375000000000000000e+01 -4.320064086914062500e+02
7.400000000000000000e+01 -4.551162109375000000e+02
7.425000000000000000e+01 -4.781179809570312500e+02
7.450000000000000000e+01 -5.030102844238281250e+02
7.475000000000000000e+01 -5.291695556640625000e+02
7.500000000000000000e+01 -5.552721557617187500e+02
7.525000000000000000e+01 -5.813199462890625000e+02
7.550000000000000000e+01 -6.073171386718750000e+02
7.575000000000000000e+01 -6.332596435546875000e+02
7.600000000000000000e+01 -6.592699584960937500e+02
7.625000000000000000e+01 -6.863169555664062500e+02
7.650000000000000000e+01 -7.137687988281250000e+02
7.675000000000000000e+01 -7.412111816406250000e+02
7.700000000000000000e+01 -7.686462402343750000e+02
7.725000000000000000e+01 -7.960750732421875000e+02
7.750000000000000000e+01 -8.235018310546875000e+02
7.775000000000000000e+01 -8.494248657226562500e+02
7.800000000000000000e+01 -8.745930786132812500e+02
7.825000000000000000e+01 -8.997467651367187500e+02
7.850000000000000000e+01 -9.248828125000000000e+02
7.875000000000000000e+01 -9.500038452148437500e+02
7.900000000000000000e+01 -9.751140136718750000e+02
7.925000000000000000e+01 -9.993703613281250000e+02
7.950000000000000000e+01 -1.020333435058593750e+03
7.975000000000000000e+01 -1.041264282226562500e+03
8.000000000000000000e+01 -1.062163452148437500e+03
8.025000000000000000e+01 -1.083033935546875000e+03
8.050000000000000000e+01 -1.103872192382812500e+03
8.075000000000000000e+01 -1.124680908203125000e+03
8.100000000000000000e+01 -1.142378906250000000e+03
8.125000000000000000e+01 -1.158944580078125000e+03
8.150000000000000000e+01 -1.175467407226562500e+03
8.175000000000000000e+01 -1.191947875976562500e+03
8.200000000000000000e+01 -1.208385864257812500e+03
8.225000000000000000e+01 -1.225079589843750000e+03
8.250000000000000000e+01 -1.240875854492187500e+03
8.275000000000000000e+01 -1.254405639648437500e+03
8.300000000000000000e+01 -1.267859252929687500e+03
8.325000000000000000e+01 -1.281233886718750000e+03
8.350000000000000000e+01 -1.294530883789062500e+03
8.375000000000000000e+01 -1.307749267578125000e+03
8.400000000000000000e+01 -1.320888916015625000e+03
8.425000000000000000e+01 -1.331942993164062500e+03
8.450000000000000000e+01 -1.342440307617187500e+03
8.475000000000000000e+01 -1.352856933593750000e+03
8.500000000000000000e+01 -1.363193603515625000e+03
8.525000000000000000e+01 -1.373448120117187500e+03
8.550000000000000000e+01 -1.383621093750000000e+03
8.575000000000000000e+01 -1.392653442382812500e+03
8.600000000000000000e+01 -1.399577636718750000e+03
8.625000000000000000e+01 -1.406421386718750000e+03
8.650000000000000000e+01 -1.413184448242187500e+03
8.675000000000000000e+01 -1.419866577148437500e+03
8.700000000000000000e+01 -1.426467651367187500e+03
8.725000000000000000e+01 -1.432986083984375000e+03
8.750000000000000000e+01 -1.435541503906250000e+03
8.775000000000000000e+01 -1.437470825195312500e+03
8.800000000000000000e+01 -1.438985595703125000e+03
8.825000000000000000e+01 -1.440134399414062500e+03
8.850000000000000000e+01 -1.441164550781250000e+03
8.875000000000000000e+01 -1.442076538085937500e+03
8.900000000000000000e+01 -1.440840332031250000e+03
8.925000000000000000e+01 -1.436615112304687500e+03
8.950000000000000000e+01 -1.432292114257812500e+03
8.975000000000000000e+01 -1.427871704101562500e+03
9.000000000000000000e+01 -1.423352539062500000e+03
9.025000000000000000e+01 -1.418734985351562500e+03
9.050000000000000000e+01 -1.414019531250000000e+03
9.075000000000000000e+01 -1.405364990234375000e+03
9.100000000000000000e+01 -1.396429443359375000e+03
9.125000000000000000e+01 -1.387427246093750000e+03
9.150000000000000000e+01 -1.378357299804687500e+03
9.175000000000000000e+01 -1.369219238281250000e+03
9.200000000000000000e+01 -1.360013305664062500e+03
9.225000000000000000e+01 -1.349738769531250000e+03
9.250000000000000000e+01 -1.338342285156250000e+03
9.275000000000000000e+01 -1.326904663085937500e+03
9.300000000000000000e+01 -1.315423706054687500e+03
9.325000000000000000e+01 -1.303901367187500000e+03
9.350000000000000000e+01 -1.292336669921875000e+03
9.375000000000000000e+01 -1.280643066406250000e+03
9.400000000000000000e+01 -1.268388305664062500e+03
9.425000000000000000e+01 -1.256139648437500000e+03
9.450000000000000000e+01 -1.243896484375000000e+03
9.475000000000000000e+01 -1.231659179687500000e+03
9.500000000000000000e+01 -1.219425170898437500e+03
9.525000000000000000e+01 -1.207196777343750000e+03
9.550000000000000000e+01 -1.195798095703125000e+03
9.575000000000000000e+01 -1.185071289062500000e+03
9.600000000000000000e+01 -1.174347656250000000e+03
9.625000000000000000e+01 -1.163626464843750000e+03
9.650000000000000000e+01 -1.152906738281250000e+03
9.675000000000000000e+01 -1.142188964843750000e+03
9.700000000000000000e+01 -1.131645507812500000e+03
9.725000000000000000e+01 -1.122928588867187500e+03
9.750000000000000000e+01 -1.114205444335937500e+03
9.775000000000000000e+01 -1.105476074218750000e+03
9.800000000000000000e+01 -1.096740478515625000e+03
9.825000000000000000e+01 -1.087998901367187500e+03
9.850000000000000000e+01 -1.079250000000000000e+03
9.875000000000000000e+01 -1.071528198242187500e+03
9.900000000000000000e+01 -1.064419433593750000e+03
9.925000000000000000e+01 -1.057293701171875000e+03
9.950000000000000000e+01 -1.050151367187500000e+03
9.975000000000000000e+01 -1.042765502929687500e+03
1.000000000000000000e+02 -1.035289184570312500e+03
1.002500000000000000e+02 -1.027955078125000000e+03
1.005000000000000000e+02 -1.021348937988281250e+03
1.007500000000000000e+02 -1.014750854492187500e+03
1.010000000000000000e+02 -1.008160095214843750e+03
1.012500000000000000e+02 -1.001575622558593750e+03
1.015000000000000000e+02 -9.949954223632812500e+02
1.017500000000000000e+02 -9.884119873046875000e+02
1.020000000000000000e+02 -9.817767333984375000e+02
1.022500000000000000e+02 -9.751253662109375000e+02
1.025000000000000000e+02 -9.684846801757812500e+02
1.027500000000000000e+02 -9.618556518554687500e+02
1.030000000000000000e+02 -9.552373657226562500e+02
1.032500000000000000e+02 -9.486289672851562500e+02
1.035000000000000000e+02 -9.418828735351562500e+02
1.037500000000000000e+02 -9.346426391601562500e+02
1.040000000000000000e+02 -9.274277343750000000e+02
1.042500000000000000e+02 -9.202362060546875000e+02
1.045000000000000000e+02 -9.130683593750000000e+02
1.047500000000000000e+02 -9.059241943359375000e+02
1.050000000000000000e+02 -8.988046264648437500e+02
1.052500000000000000e+02 -8.910582885742187500e+02
1.055000000000000000e+02 -8.831368408203125000e+02
1.057500000000000000e+02 -8.752494506835937500e+02
1.060000000000000000e+02 -8.674105834960937500e+02
1.062500000000000000e+02 -8.596179809570312500e+02
1.065000000000000000e+02 -8.518713989257812500e+02
1.067500000000000000e+02 -8.439846801757812500e+02
1.070000000000000000e+02 -8.356988525390625000e+02
1.072500000000000000e+02 -8.274592285156250000e+02
1.075000000000000000e+02 -8.192674560546875000e+02
1.077500000000000000e+02 -8.111217651367187500e+02
1.080000000000000000e+02 -8.030225219726562500e+02
1.082500000000000000e+02 -7.949696655273437500e+02
1.085000000000000000e+02 -7.866738891601562500e+02
1.087500000000000000e+02 -7.783624877929687500e+02
1.090000000000000000e+02 -7.700940551757812500e+02
1.092500000000000000e+02 -7.618670043945312500e+02
1.095000000000000000e+02 -7.536824340820312500e+02
1.097500000000000000e+02 -7.455396728515625000e+02
1.100000000000000000e+02 -7.374176025390625000e+02
1.102500000000000000e+02 -7.292971191406250000e+02
1.105000000000000000e+02 -7.212099609375000000e+02
1.107500000000000000e+02 -7.131585083007812500e+02
1.110000000000000000e+02 -7.051421508789062500e+02
1.112500000000000000e+02 -6.971589965820312500e+02
1.115000000000000000e+02 -6.893074951171875000e+02
1.117500000000000000e+02 -6.815020141601562500e+02
1.120000000000000000e+02 -6.737335815429687500e+02
1.122500000000000000e+02 -6.660048828125000000e+02
1.125000000000000000e+02 -6.583141479492187500e+02
1.127500000000000000e+02 -6.506625976562500000e+02
1.130000000000000000e+02 -6.430521240234375000e+02
1.132500000000000000e+02 -6.354197998046875000e+02
1.135000000000000000e+02 -6.277476806640625000e+02
1.137500000000000000e+02 -6.201122436523437500e+02
1.140000000000000000e+02 -6.125142822265625000e+02
1.142500000000000000e+02 -6.049538574218750000e+02
1.145000000000000000e+02 -5.974314575195312500e+02
1.147500000000000000e+02 -5.899462890625000000e+02
1.150000000000000000e+02 -5.820717773437500000e+02
1.152500000000000000e+02 -5.742193603515625000e+02
1.155000000000000000e+02 -5.664054565429687500e+02
1.157500000000000000e+02 -5.586298217773437500e+02
1.160000000000000000e+02 -5.508922119140625000e+02
1.162500000000000000e+02 -5.431936645507812500e+02
1.165000000000000000e+02 -5.351326293945312500e+02
1.167500000000000000e+02 -5.267071533203125000e+02
1.170000000000000000e+02 -5.183126831054687500e+02
1.172500000000000000e+02 -5.100570678710937500e+02
1.175000000000000000e+02 -5.019977722167968750e+02
1.177500000000000000e+02 -4.939810791015625000e+02
1.180000000000000000e+02 -4.859681701660156250e+02
1.182500000000000000e+02 -4.770415039062500000e+02
1.185000000000000000e+02 -4.681489868164062500e+02
1.187500000000000000e+02 -4.592901916503906250e+02
1.190000000000000000e+02 -4.504671325683593750e+02
1.192500000000000000e+02 -4.416787109375000000e+02
1.195000000000000000e+02 -4.329245605468750000e+02
1.197500000000000000e+02 -4.236749267578125000e+02
1.200000000000000000e+02 -4.140554504394531250e+02
1.202500000000000000e+02 -4.044622802734375000e+02
1.205000000000000000e+02 -3.948945007324218750e+02
1.207500000000000000e+02 -3.853513488769531250e+02
1.210000000000000000e+02 -3.758345336914062500e+02
1.212500000000000000e+02 -3.663099975585937500e+02
1.215000000000000000e+02 -3.565367431640625000e+02
1.217500000000000000e+02 -3.467885437011718750e+02
1.220000000000000000e+02 -3.370616760253906250e+02
1.222500000000000000e+02 -3.273588256835937500e+02
1.225000000000000000e+02 -3.176787414550781250e+02
1.227500000000000000e+02 -3.080204467773437500e+02
1.230000000000000000e+02 -2.989080810546875000e+02
1.232500000000000000e+02 -2.905631103515625000e+02
1.235000000000000000e+02 -2.822686157226562500e+02
1.237500000000000000e+02 -2.740205078125000000e+02
1.240000000000000000e+02 -2.658149719238281250e+02
1.242500000000000000e+02 -2.576539001464843750e+02
1.245000000000000000e+02 -2.499626159667968750e+02
1.247500000000000000e+02 -2.442913208007812500e+02
1.250000000000000000e+02 -2.386804199218750000e+02
1.252500000000000000e+02 -2.331286773681640625e+02
1.255000000000000000e+02 -2.276360321044921875e+02
1.257500000000000000e+02 -2.222019042968750000e+02
1.260000000000000000e+02 -2.168252868652343750e+02
1.262500000000000000e+02 -2.142021484375000000e+02
1.265000000000000000e+02 -2.127445068359375000e+02
1.267500000000000000e+02 -2.113692626953125000e+02
1.270000000000000000e+02 -2.100764617919921875e+02
1.272500000000000000e+02 -2.088648986816406250e+02
1.275000000000000000e+02 -2.077352294921875000e+02
1.277500000000000000e+02 -2.077785797119140625e+02
1.280000000000000000e+02 -2.112371063232421875e+02
1.282500000000000000e+02 -2.147996063232421875e+02
1.285000000000000000e+02 -2.184661560058593750e+02
1.287500000000000000e+02 -2.222366485595703125e+02
1.290000000000000000e+02 -2.262729492187500000e+02
1.292500000000000000e+02 -2.305207519531250000e+02
1.295000000000000000e+02 -2.377116394042968750e+02
1.297500000000000000e+02 -2.457781066894531250e+02
1.300000000000000000e+02 -2.539236145019531250e+02
1.302500000000000000e+02 -2.621469421386718750e+02
1.305000000000000000e+02 -2.704484252929687500e+02
1.307500000000000000e+02 -2.788296813964843750e+02
1.310000000000000000e+02 -2.878654174804687500e+02
1.312500000000000000e+02 -2.982129821777343750e+02
1.315000000000000000e+02 -3.086229248046875000e+02
1.317500000000000000e+02 -3.190937194824218750e+02
1.320000000000000000e+02 -3.296288452148437500e+02
1.322500000000000000e+02 -3.402271118164062500e+02
1.325000000000000000e+02 -3.508887939453125000e+02
1.327500000000000000e+02 -3.613536987304687500e+02
1.330000000000000000e+02 -3.718107604980468750e+02
1.332500000000000000e+02 -3.823041076660156250e+02
1.335000000000000000e+02 -3.928348693847656250e+02
1.337500000000000000e+02 -4.034004211425781250e+02
1.340000000000000000e+02 -4.140052795410156250e+02
1.342500000000000000e+02 -4.239656066894531250e+02
1.345000000000000000e+02 -4.328492126464843750e+02
1.347500000000000000e+02 -4.416567382812500000e+02
1.350000000000000000e+02 -4.499606933593750000e+02
1.352500000000000000e+02 -4.582071533203125000e+02
1.355000000000000000e+02 -4.663742980957031250e+02
1.357500000000000000e+02 -4.744825439453125000e+02
1.360000000000000000e+02 -4.806248779296875000e+02
1.362500000000000000e+02 -4.865205688476562500e+02
1.365000000000000000e+02 -4.923313598632812500e+02
1.367500000000000000e+02 -4.980581359863281250e+02
1.370000000000000000e+02 -5.036997985839843750e+02
1.372500000000000000e+02 -5.092579040527343750e+02
1.375000000000000000e+02 -5.140017700195312500e+02
1.377500000000000000e+02 -5.177708129882812500e+02
1.380000000000000000e+02 -5.214281616210937500e+02
1.382500000000000000e+02 -5.249745483398437500e+02
1.385000000000000000e+02 -5.284079589843750000e+02
1.387500000000000000e+02 -5.317304687500000000e+02
1.390000000000000000e+02 -5.349412231445312500e+02
1.392500000000000000e+02 -5.370974731445312500e+02
1.395000000000000000e+02 -5.391158447265625000e+02
1.397500000000000000e+02 -5.410053100585937500e+02
1.400000000000000000e+02 -5.427661132812500000e+02
1.402500000000000000e+02 -5.443988647460937500e+02
1.405000000000000000e+02 -5.459025878906250000e+02
1.407500000000000000e+02 -5.465703735351562500e+02
1.410000000000000000e+02 -5.466611938476562500e+02
1.412500000000000000e+02 -5.466687011718750000e+02
1.415000000000000000e+02 -5.465932006835937500e+02
1.417500000000000000e+02 -5.464339599609375000e+02
1.420000000000000000e+02 -5.461912231445312500e+02
1.422500000000000000e+02 -5.458115234375000000e+02
1.425000000000000000e+02 -5.445225219726562500e+02
1.427500000000000000e+02 -5.431600952148437500e+02
1.430000000000000000e+02 -5.417244873046875000e+02
1.432500000000000000e+02 -5.402155761718750000e+02
1.435000000000000000e+02 -5.386334838867187500e+02
1.437500000000000000e+02 -5.369779663085937500e+02
1.440000000000000000e+02 -5.345054931640625000e+02
1.442500000000000000e+02 -5.314750366210937500e+02
1.445000000000000000e+02 -5.283973388671875000e+02
1.447500000000000000e+02 -5.252722167968750000e+02
1.450000000000000000e+02 -5.220996704101562500e+02
1.452500000000000000e+02 -5.188799438476562500e+02
1.455000000000000000e+02 -5.154203491210937500e+02
1.457500000000000000e+02 -5.106459045410156250e+02
1.460000000000000000e+02 -5.058481750488281250e+02
1.462500000000000000e+02 -5.010272216796875000e+02
1.465000000000000000e+02 -4.962161254882812500e+02
1.467500000000000000e+02 -4.914847412109375000e+02
1.470000000000000000e+02 -4.867506713867187500e+02
1.472500000000000000e+02 -4.811407470703125000e+02
1.475000000000000000e+02 -4.750984497070312500e+02
1.477500000000000000e+02 -4.690682983398437500e+02
1.480000000000000000e+02 -4.630496826171875000e+02
1.482500000000000000e+02 -4.570424804687500000e+02
1.485000000000000000e+02 -4.510469970703125000e+02
1.487500000000000000e+02 -4.448588256835937500e+02
1.490000000000000000e+02 -4.378674926757812500e+02
1.492500000000000000e+02 -4.309004516601562500e+02
1.495000000000000000e+02 -4.239547424316406250e+02
1.497500000000000000e+02 -4.170328369140625000e+02
1.500000000000000000e+02 -4.101340637207031250e+02
1.502500000000000000e+02 -4.032574768066406250e+02
1.505000000000000000e+02 -3.959729614257812500e+02
1.507500000000000000e+02 -3.885561828613281250e+02
1.510000000000000000e+02 -3.811616210937500000e+02
1.512500000000000000e+02 -3.737907714843750000e+02
1.515000000000000000e+02 -3.664428100585937500e+02
1.517500000000000000e+02 -3.591173400878906250e+02
1.520000000000000000e+02 -3.517239074707031250e+02
1.522500000000000000e+02 -3.440975341796875000e+02
1.525000000000000000e+02 -3.366369323730468750e+02
1.527500000000000000e+02 -3.292143554687500000e+02
1.530000000000000000e+02 -3.218000793457031250e+02
1.532500000000000000e+02 -3.143956604003906250e+02
1.535000000000000000e+02 -3.069999389648437500e+02
1.537500000000000000e+02 -2.994862365722656250e+02
1.540000000000000000e+02 -2.919423217773437500e+02
1.542500000000000000e+02 -2.843950500488281250e+02
1.545000000000000000e+02 -2.768465270996093750e+02
1.547500000000000000e+02 -2.692962036132812500e+02
1.550000000000000000e+02 -2.617434082031250000e+02
1.552500000000000000e+02 -2.541517333984375000e+02
1.555000000000000000e+02 -2.464783325195312500e+02
1.557500000000000000e+02 -2.387932434082031250e+02
1.560000000000000000e+02 -2.310984344482421875e+02
1.562500000000000000e+02 -2.233912963867187500e+02
1.565000000000000000e+02 -2.156733703613281250e+02
1.567500000000000000e+02 -2.079463195800781250e+02
1.570000000000000000e+02 -2.003414154052734375e+02
1.572500000000000000e+02 -1.927444305419921875e+02
1.575000000000000000e+02 -1.851350250244140625e+02
1.577500000000000000e+02 -1.775129547119140625e+02
1.580000000000000000e+02 -1.698794860839843750e+02
1.582500000000000000e+02 -1.622731781005859375e+02
1.585000000000000000e+02 -1.548747253417968750e+02
1.587500000000000000e+02 -1.477160034179687500e+02
1.590000000000000000e+02 -1.405519256591796875e+02
1.592500000000000000e+02 -1.333846740722656250e+02
1.595000000000000000e+02 -1.262134628295898438e+02
1.597500000000000000e+02 -1.190380477905273438e+02
1.600000000000000000e+02 -1.118596343994140625e+02
1.602500000000000000e+02 -1.053883590698242188e+02
1.605000000000000000e+02 -9.895795440673828125e+01
1.607500000000000000e+02 -9.252747344970703125e+01
1.610000000000000000e+02 -8.609454345703125000e+01
1.612500000000000000e+02 -7.966106414794921875e+01
1.615000000000000000e+02 -7.322619628906250000e+01
1.617500000000000000e+02 -6.714233398437500000e+01
1.620000000000000000e+02 -6.145442962646484375e+01
1.622500000000000000e+02 -5.578096771240234375e+01
1.625000000000000000e+02 -5.012116241455078125e+01
1.627500000000000000e+02 -4.447586822509765625e+01
1.630000000000000000e+02 -3.884486007690429688e+01
1.632500000000000000e+02 -3.322991180419921875e+01
1.635000000000000000e+02 -2.783195877075195312e+01
1.637500000000000000e+02 -2.243388366699218750e+01
1.640000000000000000e+02 -1.703651428222656250e+01
1.642500000000000000e+02 -1.169009590148925781e+01
1.645000000000000000e+02 -6.335204124450683594e+00
1.647500000000000000e+02 -9.712219238281250000e-01
1.650000000000000000e+02 4.611478805541992188e+00
1.652500000000000000e+02 1.039088153839111328e+01
1.655000000000000000e+02 1.619654464721679688e+01
1.657500000000000000e+02 2.203075790405273438e+01
1.660000000000000000e+02 2.789236831665039062e+01
1.662500000000000000e+02 3.378217315673828125e+01
1.665000000000000000e+02 3.977738952636718750e+01
1.667500000000000000e+02 4.666732025146484375e+01
1.670000000000000000e+02 5.361865615844726562e+01
1.672500000000000000e+02 6.063268661499023438e+01
1.675000000000000000e+02 6.770750427246093750e+01
1.677500000000000000e+02 7.484630584716796875e+01
1.680000000000000000e+02 8.204685974121093750e+01
1.682500000000000000e+02 8.953549194335937500e+01
1.685000000000000000e+02 9.723903656005859375e+01
1.687500000000000000e+02 1.050192565917968750e+02
1.690000000000000000e+02 1.128770828247070312e+02
1.692500000000000000e+02 1.207738876342773438e+02
1.695000000000000000e+02 1.287412414550781250e+02
1.697500000000000000e+02 1.366793975830078125e+02
1.700000000000000000e+02 1.439539642333984375e+02
1.702500000000000000e+02 1.511709136962890625e+02
1.705000000000000000e+02 1.584437103271484375e+02
1.707500000000000000e+02 1.657703094482421875e+02
1.710000000000000000e+02 1.731513519287109375e+02
1.712500000000000000e+02 1.805874481201171875e+02
1.715000000000000000e+02 1.862304840087890625e+02
1.717500000000000000e+02 1.910561676025390625e+02
1.720000000000000000e+02 1.959020385742187500e+02
1.722500000000000000e+02 2.007674102783203125e+02
1.725000000000000000e+02 2.056538696289062500e+02
1.727500000000000000e+02 2.105601959228515625e+02
1.730000000000000000e+02 2.146409301757812500e+02
1.732500000000000000e+02 2.157311706542968750e+02
1.735000000000000000e+02 2.167842102050781250e+02
1.737500000000000000e+02 2.178006439208984375e+02
1.740000000000000000e+02 2.187809143066406250e+02
1.742500000000000000e+02 2.197251892089843750e+02
1.745000000000000000e+02 2.206337585449218750e+02
1.747500000000000000e+02 2.182040100097656250e+02
1.750000000000000000e+02 2.146197509765625000e+02
1.752500000000000000e+02 2.109381103515625000e+02
1.755000000000000000e+02 2.071609191894531250e+02
1.757500000000000000e+02 2.032276000976562500e+02
1.760000000000000000e+02 1.987987976074218750e+02
1.762500000000000000e+02 1.934054718017578125e+02
1.765000000000000000e+02 1.857215118408203125e+02
1.767500000000000000e+02 1.779306335449218750e+02
1.770000000000000000e+02 1.700325775146484375e+02
1.772500000000000000e+02 1.620263061523437500e+02
1.775000000000000000e+02 1.539143981933593750e+02
1.777500000000000000e+02 1.456934051513671875e+02
1.780000000000000000e+02 1.362297821044921875e+02
1.782500000000000000e+02 1.263960494995117188e+02
1.785000000000000000e+02 1.164289245605468750e+02
1.787500000000000000e+02 1.063295135498046875e+02
1.790000000000000000e+02 9.609725189208984375e+01
1.792500000000000000e+02 8.573082733154296875e+01
1.795000000000000000e+02 7.564015197753906250e+01
1.797500000000000000e+02 6.613011932373046875e+01
1.800000000000000000e+02 5.647716903686523438e+01
1.802500000000000000e+02 4.667910766601562500e+01
1.805000000000000000e+02 3.673473739624023438e+01
1.807500000000000000e+02 2.664449501037597656e+01
1.810000000000000000e+02 1.640762519836425781e+01
1.812500000000000000e+02 8.615182876586914062e+00
1.815000000000000000e+02 1.012598037719726562e+00
1.817500000000000000e+02 -6.541723251342773438e+00
1.820000000000000000e+02 -1.409355926513671875e+01
1.822500000000000000e+02 -2.170427322387695312e+01
1.825000000000000000e+02 -2.937686729431152344e+01
1.827500000000000000e+02 -3.533415222167968750e+01
1.830000000000000000e+02 -3.898955535888671875e+01
1.832500000000000000e+02 -4.269360351562500000e+01
1.835000000000000000e+02 -4.644673538208007812e+01
1.837500000000000000e+02 -5.024915313720703125e+01
1.840000000000000000e+02 -5.410179901123046875e+01
1.842500000000000000e+02 -5.800433349609375000e+01
1.845000000000000000e+02 -5.799345397949218750e+01
1.847500000000000000e+02 -5.781431579589843750e+01
1.850000000000000000e+02 -5.761070632934570312e+01
1.852500000000000000e+02 -5.738281250000000000e+01
1.855000000000000000e+02 -5.713090133666992188e+01
1.857500000000000000e+02 -5.685477066040039062e+01
1.860000000000000000e+02 -5.511957168579101562e+01
1.862500000000000000e+02 -5.191550445556640625e+01
1.865000000000000000e+02 -4.867370605468750000e+01
1.867500000000000000e+02 -4.539514160156250000e+01
1.870000000000000000e+02 -4.208060455322265625e+01
1.872500000000000000e+02 -3.872828674316406250e+01
1.875000000000000000e+02 -3.511340713500976562e+01
1.877500000000000000e+02 -2.941125488281250000e+01
1.880000000000000000e+02 -2.367184257507324219e+01
1.882500000000000000e+02 -1.789704132080078125e+01
1.885000000000000000e+02 -1.208541107177734375e+01
1.887500000000000000e+02 -6.236063957214355469e+00
1.890000000000000000e+02 -3.498320579528808594e-01
1.892500000000000000e+02 5.389326095581054688e+00
1.895000000000000000e+02 1.102168369293212891e+01
1.897500000000000000e+02 1.668785095214843750e+01
1.900000000000000000e+02 2.238928794860839844e+01
1.902500000000000000e+02 2.812421035766601562e+01
1.905000000000000000e+02 3.389410018920898438e+01
1.907500000000000000e+02 3.965908813476562500e+01
1.910000000000000000e+02 4.510663986206054688e+01
1.912500000000000000e+02 5.059121704101562500e+01
1.915000000000000000e+02 5.611191177368164062e+01
1.917500000000000000e+02 6.166963195800781250e+01
1.920000000000000000e+02 6.726570129394531250e+01
1.922500000000000000e+02 7.289890289306640625e+01
1.925000000000000000e+02 7.782234954833984375e+01
1.927500000000000000e+02 8.235871887207031250e+01
1.930000000000000000e+02 8.692955017089843750e+01
1.932500000000000000e+02 9.153681945800781250e+01
1.935000000000000000e+02 9.636199951171875000e+01
1.937500000000000000e+02 1.012420349121093750e+02
1.940000000000000000e+02 1.062067108154296875e+02
1.942500000000000000e+02 1.115046005249023438e+02
1.945000000000000000e+02 1.168205337524414062e+02
1.947500000000000000e+02 1.221551361083984375e+02
1.950000000000000000e+02 1.275074310302734375e+02
1.952500000000000000e+02 1.328781433105468750e+02
1.955000000000000000e+02 1.382678833007812500e+02
1.957500000000000000e+02 1.433284912109375000e+02
1.960000000000000000e+02 1.482957458496093750e+02
1.962500000000000000e+02 1.533168640136718750e+02
1.965000000000000000e+02 1.583928375244140625e+02
1.967500000000000000e+02 1.635247955322265625e+02
1.970000000000000000e+02 1.687121887207031250e+02
1.972500000000000000e+02 1.742962646484375000e+02
1.975000000000000000e+02 1.809402313232421875e+02
1.977500000000000000e+02 1.875503540039062500e+02
1.980000000000000000e+02 1.941287689208984375e+02
1.982500000000000000e+02 2.006740722656250000e+02
1.985000000000000000e+02 2.071865692138671875e+02
1.987500000000000000e+02 2.136667633056640625e+02
1.990000000000000000e+02 2.155597686767578125e+02
1.992500000000000000e+02 2.160222320556640625e+02
1.995000000000000000e+02 2.162489776611328125e+02
1.997500000000000000e+02 2.162754821777343750e+02
